     1    0   575.00      0.72410       1.1000       1.4619      2.84961E-03  9.76273E-03  0.93468      0.42536      5.83709E-02  0.92855       0.0000       1.1538    
     2    0   575.00      0.72410       1.1000       1.4852      2.81123E-03  1.16965E-02  0.97587      0.42918      5.97368E-02  0.94428       0.0000       1.1730    
     3    0   575.00      0.72410       1.1000       1.5084      2.75036E-03  1.38289E-02  0.97970      0.43099      5.77693E-02  0.92671       0.0000       1.1933    
     4    0   575.00      0.72410       1.1000       1.5236      2.68970E-03  1.52810E-02  0.98325      0.43177      5.65678E-02  0.89967       0.0000       1.2065    
     5    0   575.00      0.72410       1.1000       1.5084      2.75036E-03  1.38289E-02  0.97970      0.43099      5.77693E-02  0.92671       0.0000       1.1933    
     6    0   575.00      0.72410       1.1000       1.4852      2.81136E-03  1.16961E-02  0.97584      0.42918      5.97365E-02  0.94422       0.0000       1.1730    
     7    0   575.00      0.72410       1.1000       1.4619      2.84960E-03  9.76275E-03  0.93468      0.42536      5.83708E-02  0.92856       0.0000       1.1538    
     8    0   575.00      0.72410       1.1000       1.4619      2.84960E-03  9.76282E-03  0.93468      0.42536      5.83709E-02  0.92855       0.0000       1.1538    
     9    0   575.00      0.72410       1.1000       1.4744      2.77659E-03  1.09386E-02  0.99809      0.41800      5.51365E-02  0.90925       0.0000       1.1652    
    16    0   575.00      0.72410       1.1000       1.4744      2.77668E-03  1.09389E-02  0.99806      0.41800      5.51347E-02  0.90919       0.0000       1.1652    
    17    0   575.00      0.72410       1.1000       1.4619      2.84959E-03  9.76269E-03  0.93469      0.42536      5.83709E-02  0.92856       0.0000       1.1538    
    18    0   575.00      0.72410       1.1000       1.4852      2.81126E-03  1.16968E-02  0.97585      0.42918      5.97363E-02  0.94426       0.0000       1.1730    
    28    0   575.00      0.72410       1.1000       1.4852      2.81137E-03  1.16970E-02  0.97581      0.42918      5.97356E-02  0.94421       0.0000       1.1730    
    29    0   575.00      0.72410       1.1000       1.5084      2.75041E-03  1.38294E-02  0.97966      0.43099      5.77688E-02  0.92669       0.0000       1.1933    
    40    0   575.00      0.72410       1.1000       1.5084      2.75041E-03  1.38294E-02  0.97966      0.43099      5.77687E-02  0.92670       0.0000       1.1933    
    41    0   575.00      0.72410       1.1000       1.5236      2.68975E-03  1.52817E-02  0.98321      0.43178      5.65672E-02  0.89965       0.0000       1.2065    
    53    0   575.00      0.72410       1.1000       1.5236      2.68975E-03  1.52817E-02  0.98321      0.43178      5.65672E-02  0.89965       0.0000       1.2065    
    54    0   575.00      0.72410       1.1000       1.5084      2.75042E-03  1.38294E-02  0.97965      0.43099      5.77688E-02  0.92669       0.0000       1.1933    
    67    0   575.00      0.72410       1.1000       1.5084      2.75041E-03  1.38293E-02  0.97966      0.43099      5.77688E-02  0.92670       0.0000       1.1933    
    68    0   575.00      0.72410       1.1000       1.4852      2.81138E-03  1.16968E-02  0.97581      0.42918      5.97358E-02  0.94421       0.0000       1.1730    
    82    0   575.00      0.72410       1.1000       1.4852      2.81125E-03  1.16966E-02  0.97585      0.42918      5.97363E-02  0.94427       0.0000       1.1730    
    83    0   575.00      0.72410       1.1000       1.4619      2.84959E-03  9.76272E-03  0.93469      0.42536      5.83709E-02  0.92855       0.0000       1.1538    
    98    0   575.00      0.72410       1.1000       1.4619      2.84959E-03  9.76283E-03  0.93468      0.42536      5.83707E-02  0.92856       0.0000       1.1538    
    99    0   575.00      0.72410       1.1000       1.4744      2.77669E-03  1.09389E-02  0.99806      0.41800      5.51348E-02  0.90919       0.0000       1.1652    
   113    0   575.00      0.72410       1.1000       1.4744      2.77658E-03  1.09386E-02  0.99809      0.41800      5.51364E-02  0.90925       0.0000       1.1652    
   114    0   575.00      0.72410       1.1000       1.4619      2.84960E-03  9.76265E-03  0.93468      0.42536      5.83710E-02  0.92855       0.0000       1.1538    
   129    0   575.00      0.72410       1.1000       1.4619      2.84960E-03  9.76270E-03  0.93468      0.42536      5.83708E-02  0.92856       0.0000       1.1538    
   130    0   575.00      0.72410       1.1000       1.4852      2.81135E-03  1.16964E-02  0.97583      0.42918      5.97363E-02  0.94422       0.0000       1.1730    
   144    0   575.00      0.72410       1.1000       1.4852      2.81122E-03  1.16964E-02  0.97588      0.42918      5.97367E-02  0.94428       0.0000       1.1730    
   145    0   575.00      0.72410       1.1000       1.5084      2.75036E-03  1.38289E-02  0.97970      0.43099      5.77693E-02  0.92671       0.0000       1.1933    
   158    0   575.00      0.72410       1.1000       1.5084      2.75035E-03  1.38288E-02  0.97970      0.43099      5.77693E-02  0.92672       0.0000       1.1933    
   159    0   575.00      0.72410       1.1000       1.5236      2.68970E-03  1.52810E-02  0.98325      0.43177      5.65679E-02  0.89967       0.0000       1.2065    
   171    0   575.00      0.72410       1.1000       1.5236      2.68969E-03  1.52809E-02  0.98326      0.43177      5.65678E-02  0.89967       0.0000       1.2065    
   172    0   575.00      0.72410       1.1000       1.5084      2.75036E-03  1.38288E-02  0.97970      0.43099      5.77694E-02  0.92671       0.0000       1.1933    
   183    0   575.00      0.72410       1.1000       1.5084      2.75035E-03  1.38288E-02  0.97970      0.43099      5.77693E-02  0.92671       0.0000       1.1933    
   184    0   575.00      0.72410       1.1000       1.4852      2.81123E-03  1.16962E-02  0.97587      0.42918      5.97370E-02  0.94428       0.0000       1.1730    
   194    0   575.00      0.72410       1.1000       1.4852      2.81134E-03  1.16963E-02  0.97584      0.42918      5.97363E-02  0.94422       0.0000       1.1730    
   195    0   575.00      0.72410       1.1000       1.4619      2.84961E-03  9.76282E-03  0.93468      0.42536      5.83708E-02  0.92856       0.0000       1.1538    
   196    0   575.00      0.72410       1.1000       1.4744      2.77659E-03  1.09387E-02  0.99809      0.41800      5.51364E-02  0.90925       0.0000       1.1652    
   203    0   575.00      0.72410       1.1000       1.4744      2.77668E-03  1.09389E-02  0.99806      0.41800      5.51347E-02  0.90920       0.0000       1.1652    
   204    0   575.00      0.72410       1.1000       1.4619      2.84958E-03  9.76264E-03  0.93469      0.42536      5.83708E-02  0.92856       0.0000       1.1538    
   205    0   575.00      0.72410       1.1000       1.4619      2.84960E-03  9.76277E-03  0.93468      0.42536      5.83708E-02  0.92856       0.0000       1.1538    
   206    0   575.00      0.72410       1.1000       1.4852      2.81125E-03  1.16970E-02  0.97585      0.42918      5.97360E-02  0.94427       0.0000       1.1730    
   207    0   575.00      0.72410       1.1000       1.5084      2.75041E-03  1.38294E-02  0.97966      0.43099      5.77688E-02  0.92670       0.0000       1.1933    
   208    0   575.00      0.72410       1.1000       1.5236      2.68975E-03  1.52817E-02  0.98321      0.43178      5.65672E-02  0.89965       0.0000       1.2065    
   209    0   575.00      0.72410       1.1000       1.5084      2.75041E-03  1.38294E-02  0.97966      0.43099      5.77687E-02  0.92670       0.0000       1.1933    
   210    0   575.00      0.72410       1.1000       1.4852      2.81137E-03  1.16966E-02  0.97582      0.42918      5.97359E-02  0.94421       0.0000       1.1730    
   211    0   575.00      0.72410       1.1000       1.4619      2.84958E-03  9.76276E-03  0.93469      0.42536      5.83708E-02  0.92856       0.0000       1.1538    
